1|1
1|2
1|3
1|4
1|5
1|6
1|7
1|8
1|9
1|10
1|11
1|12
1|13
1|14
1|15
1|16
2|17
2|18
2|19
2|20
2|21
2|22
2|23
2|24
2|25
2|26
2|27
3|28
3|29
3|30
3|31
3|32
3|33
3|34
3|35
3|36
3|37
3|38
3|39
3|40
4|41
4|42
4|43
4|44
4|45
4|46
4|47
4|48
4|49
4|50
4|51
4|52
5|53
5|54
5|55
5|56
5|57
5|58
5|59
5|60
6|61
6|62
6|63
6|64
6|65
6|66
6|67
6|68
7|69
7|70
7|71
7|72
7|73
7|74
7|75
7|76
8|77
8|78
8|79
8|80
8|81
8|82
8|83
8|84
8|85
8|86
8|87
8|88
8|89
8|90
9|91
9|92
9|93
9|94
9|95
9|96
9|97
9|98
9|99
9|100
9|101
9|102
9|103